825
818
815
811
807
802
798
784
779
772
768
763
761
758
752
748
744
740
735
727
721
721
715
713
701
699
694
691
688
678
671
664
662
660
654
646
640
637
631
625
618
615
609
604
600
594
587
576
569
563
559
556
554
551
548
538
531
529
522
519
509
505
499
495
490
487
485
476
467
462
458
450
447
445
441
433
430
426
425
425
421
418
411
407
407
403
401
397
395
391
382
380
372
369
366
361
360
357
357
356
345
339
334
329
327
318
311
304
300
299
294
292
287
280
276
274
271
266
265
260
255
248
241
232
230
217
215
214
208
207
201
198
193
192
187
182
177
168
162
152
140
139
133
126
119
118
105
102
100
98
89
83
79
76
72
68
66
62
58
55
54
52
46
43
40
35
29
27
25
15
10
8